Adobe After Effects 8.0 Keyframe Data

	Units Per Second	24
	Source Width	100
	Source Height	100
	Source Pixel Aspect Ratio	1
	Comp Pixel Aspect Ratio	1

Effects	Puppet #2	arap #3	Mesh	Mesh #1	Deform	Pin #1	Position
	Frame	X pixels	Y pixels
	0	306.35257	100.120964
	1	323.64578	86.96286
	2	335.40384	84.33193
	3	348.085	84.69081
	4	360.5848	87.145615
	5	383.61588	100.43466
	6	393.14853	109.09678
	7	399.85934	116.41337
	8	403.75845	120.60962
	9	406.9448	122.82805
	10	407.21585	121.78785
	11	406.7387	121.77624
	12	404.01248	121.438126
	13	397.21426	119.22959
	14	392.42776	115.85142
	15	385.73694	110.42813
	16	376.6123	103.120094
	17	350.34805	89.69406
	18	333.74515	82.83108
	19	314.14972	78.30757
	20	295.37064	75.06847
	21	258.67648	75.33588
	22	243.55406	78.000626
	23	231.2388	82.40444
	24	222.06436	87.63835
	25	215.57559	91.74919
	26	207.09308	98.81312
	27	203.31029	99.64892
	28	202.97821	97.23427
	29	208.53183	85.655754
	30	214.96315	77.98174
	31	225.716	68.78005
	32	239.84833	61.086205
	33	280.0515	59.996616
	34	298.17993	65.939674
	35	315.89978	69.684296
	36	329.46976	74.16303
	37	336.90228	75.98204
	38	331.80716	73.00666
	39	318.0223	73.97472
	40	306.293	69.59309
	41	274.8976	64.75801
	42	255.93716	61.56073
	43	238.97655	62.36418
	44	222.5893	66.70417
	45	204.01393	76.66139
	46	200.57057	77.09735
	47	201.74506	71.78364
	48	209.67274	64.75214
	49	242.35765	52.446625
	50	263.25	50.87805
	51	286.26035	53.165585
	52	306.0478	59.853195
	53	333.19284	82.21415
	54	337.12384	89.66247
	55	341.13843	92.92326
	56	341.9775	93.15857
	57	333.8084	92.153915
	58	326.66614	92.06711
	59	317.4463	92.553345
	60	303.2037	93.27289
	61	262.10953	96.05064
	62	242.6197	98.607956
	63	225.20984	102.63774
	64	214.77003	104.64466
	65	210.45007	105.5693
	66	215.5367	105.5865
	67	223.69417	106.10384
	68	235.63683	106.62944
	69	261.92853	109.83342
	70	273.6728	111.47547
	71	283.33054	112.163475
	72	291.2786	111.592155
	73	302.47665	112.65525
	74	302.3654	109.32428
	75	301.95447	106.477806
	76	301.63022	104.83668
	77	301.93454	103.63652
	78	299.60037	103.66052
	79	296.77924	104.18745
	80	295.07556	104.30946
	81	292.07657	103.292244
	82	291.55066	102.3183
	83	291.46375	101.08904
	84	292.07388	99.081726
	85	296.02707	95.3227
	86	298.94806	94.65186
	87	301.67764	94.48362
	88	303.91565	95.27509
	89	307.9297	97.50188
	90	306.2066	97.62394
	91	302.74567	97.07651
	92	296.9142	96.16714
	93	277.43454	92.75559
	94	265.04614	91.36344
	95	252.00745	91.30814
	96	238.2874	91.5632
	97	226.49461	93.77566
	98	228.00768	93.14913
	99	235.0515	93.67176
	100	245.41704	95.5033
	101	270.31274	100.157196
	102	281.27417	102.47182
	103	288.53543	104.207954
	104	295.8348	110.628654
	105	301.03583	106.60024
	106	302.0748	104.00914
	107	300.90094	101.102394
	108	299.05237	99.06759
	109	292.0842	100.11158
	110	288.0855	101.13059
	111	284.2215	103.09764
	112	280.1393	105.4346
	113	275.076	109.612366
	114	273.85364	110.0468
	115	272.751	109.43684
	116	272.1066	108.52362
	117	271.34778	106.62653
	118	274.068	105.82862
	119	273.14453	107.18792
	120	272.2821	108.93853
	121	268.41522	113.42196
	122	266.7226	114.166275
	123	264.59885	112.79979
	124	262.20242	110.32005
	125	256.32275	103.57031
	126	247.16577	100.79086
	127	237.36934	100.47223
	128	226.15192	101.766594
	129	209.22775	109.09852
	130	206.27487	112.17786
	131	208.2142	115.64357
	132	210.73431	119.598625
	133	216.06395	123.84307
	134	229.24057	140.68355
	135	236.00441	152.99408
	136	240.83176	171.80869
	137	255.5713	208.31088
	138	263.9959	224.21925
	139	271.34543	237.23148
	140	274.97565	245.94572
	141	274.34265	251.43904
	142	270.49298	251.07721
	143	265.3942	248.11081
	144	259.6123	244.16017
	145	237.20766	229.6565
	146	223.77672	218.75252
	147	215.00725	209.47662
	148	209.95444	201.74765
	149	207.88708	198.11703
	150	207.70251	195.93457
	151	210.23285	197.21469
	152	214.09059	201.73125
	153	228.1001	217.25806
	154	233.81769	224.86855
	155	244.6835	233.09578
	156	255.12276	240.08897
	157	267.76978	247.79814
	158	265.68283	243.43987
	159	256.9676	235.6826
	160	256.9676	235.6826
	161	233.38284	208.28122
	162	208.7499	171.35275
	163	203.26584	150.58966
	164	200.08852	130.23466
	165	204.01665	96.12291
	166	210.1276	82.05489
	167	217.04361	71.35013
	168	225.49919	65.61611
	169	236.76869	59.91933
	170	239.233	59.28079
	171	240.15111	60.139668
	172	240.6362	61.982124
	173	239.42448	64.12045
	174	235.20335	64.56481
	175	232.72307	64.261536
	176	229.97978	63.818325
	177	220.74268	62.444714
	178	218.54016	64.40878
	179	215.32623	69.48276
	180	214.49945	77.32998
	181	214.41762	94.06779
	182	213.85632	101.607704
	183	213.77872	106.23748
	184	214.21838	110.34593
	185	215.75516	111.71026
	186	216.72717	115.02523
	187	217.12366	119.71202
	188	218.14015	125.68976
	189	218.21646	132.76923
	190	217.64334	142.99309
	191	219.05708	143.97157
	192	220.38425	142.1246
	193	225.01678	132.90942
	194	225.17545	128.93471
	195	225.39276	125.566475
	196	226.04031	124.16862
	197	226.47739	123.52771
	198	227.10744	124.90654
	199	227.75784	126.58309
	200	229.08936	128.1176
	201	228.71686	130.90186
	202	226.7063	136.48282
	203	225.75848	137.71957
	204	223.88379	138.0605
	205	227.42755	128.37758
	206	231.24785	119.49893
	207	237.8726	110.982925
	208	247.66708	103.42924
	209	260.303	98.081314
	210	293.17767	99.73012
	211	311.83804	104.679726
	212	331.23425	112.772
	213	348.9136	122.805534
	214	374.23257	148.55031
	215	392.2398	163.26598
	216	406.53268	177.54994
	217	416.93832	190.34488
	218	433.15207	211.29553
	219	438.03976	219.53735
	220	441.26312	225.57404
	221	441.76584	234.60184
	222	439.755	237.30602
	223	436.62634	240.45764
	224	432.801	242.26678
	225	426.2669	242.03174
	226	403.82263	236.04164
	227	387.03986	229.9905
	228	364.31918	223.19215
	229	343.26044	215.41959
	230	294.92737	194.30074
	231	270.29175	184.22942
	232	248.7474	174.29913
	233	230.01741	167.09157
	234	206.54265	159.91795
	235	201.46661	159.4197
	236	200.58531	159.74565
	237	201.33318	161.87514
	238	210.61162	174.64795
	239	220.45114	186.10028
	240	235.8867	202.27429
	241	251.51106	214.59123
	242	280.37662	235.42868
	243	284.21198	240.32384
	244	280.7401	241.76758
	245	266.9103	238.30226
	246	236.75098	219.52306
	247	222.17628	203.31699
	248	208.6832	182.69933
	249	199.58762	161.8449
	250	191.05504	126.0355
	251	189.6959	112.365005
	252	190.53535	103.67336
	253	190.56625	98.312584
	254	190.15845	101.52668
	255	191.6446	108.20492
	256	193.84756	117.987885
	257	197.88425	132.31152
	258	214.66782	169.30232
	259	228.9698	189.11153
	260	242.05806	206.82225
	261	254.75703	217.78996
	262	269.90134	224.84166
	263	272.48254	221.9771
	264	271.77072	215.616
	265	266.403	205.22433
	266	250.06847	180.49638
	267	241.71216	166.00687
	268	233.76357	153.08386
	269	226.90944	143.3157
	270	219.89522	129.38235
	271	218.66833	126.126434
	272	217.44305	126.262825
	273	217.61777	128.50047
	274	219.60017	141.91687
	275	221.90317	152.3785
	276	224.10594	166.93561
	277	227.98259	183.10052
	278	244.12961	216.84291
	279	261.39774	229.46237
	280	280.51517	237.30402
	281	304.78723	241.70377
	282	343.91528	237.55756
	283	360.03845	227.40392
	284	372.02042	214.8101
	285	381.24146	199.2137
	286	396.80536	166.2219
	287	403.40253	151.33429
	288	409.7443	139.06317
	289	415.38547	130.09235
	290	423.4287	123.74189
	291	428.1369	126.44426
	292	431.2713	133.48415
	293	433.49292	144.41965
	294	432.48825	172.74268
	295	429.54053	188.72208
	296	415.4044	205.39464
	297	398.97607	220.79626
	298	356.6223	243.73657
	299	333.9338	245.29477
	300	303.71313	239.33328
	301	277.9029	230.05331
	302	236.65036	196.13055
	303	224.20361	176.74599
	304	216.45424	157.54704
	305	212.74387	140.8625
	306	211.892	117.73045
	307	212.15565	112.840485
	308	212.33382	112.76724
	309	212.78217	116.48292
	310	216.33159	135.72849
	311	219.36635	150.59326
	312	224.733	167.55937
	313	232.55066	186.88313
	314	259.2183	225.6928
	315	280.19733	240.26535
	316	304.26648	248.43088
	317	325.99463	249.94635
	318	363.96878	234.99573
	319	378.50192	222.5542
	320	389.25522	208.44153
	321	397.01022	192.17418
	322	400.21796	163.24915
	323	399.675	150.83382
	324	397.04187	141.07585
	325	394.12997	134.06404
	326	392.8662	128.6739
	327	393.5405	132.00435
	328	394.49753	137.45378
	329	396.01743	145.48436
	330	396.8303	167.72987
	331	388.85968	182.13478
	332	377.1815	196.83406
	333	364.03137	210.5983
	334	330.50653	235.49123
	335	306.94547	242.28528
	336	279.22797	243.11433
	337	254.10712	240.15396
	338	211.62326	223.65727
	339	195.18845	211.06802
	340	182.36682	198.20442
	341	172.15384	184.84412
	342	161.86507	157.94827
	343	160.69817	145.78139
	344	161.38004	133.94052
	345	162.63382	124.09981
	346	168.97032	105.10033
	347	171.82912	97.241684
	348	173.55092	90.19016
	349	177.44348	84.90443
	350	183.31387	72.9849
	351	186.5617	68.05344
	352	191.4006	64.840416
	353	195.6976	63.467632
	354	201.0339	67.93588
	355	196.08038	75.30313
	356	187.08298	87.46721
	357	175.55566	103.872604
	358	166.64275	124.878914
	359	160.59572	153.38177
	360	160.96332	154.73763
	361	158.98283	148.41664
	362	158.16373	139.2555
	363	159.81511	118.24533
	364	159.66055	112.805046
	365	159.72668	111.29916
	366	151.92506	124.65389
	367	148.25314	132.86731
	368	147.33875	136.79198
	369	148.34564	132.69176
	370	152.59209	122.99903
	371	166.63536	104.750984
	372	171.93452	102.439735
	373	173.4342	104.77618
	374	172.67981	114.10659
	375	169.47061	145.43018
	376	171.5003	159.97572
	377	172.99779	168.26535
	378	175.93312	166.85904
	379	177.10204	163.12596
	380	178.64574	162.50627
	381	181.60274	166.61394
	382	186.23085	174.10144
	383	197.36278	194.56494
	384	204.15709	202.53995
	385	209.09897	205.65025
	386	212.09398	205.07112
	387	217.12598	197.4435
	388	218.59819	192.43883
	389	219.00119	190.48082
	390	217.01796	191.44586
	391	212.28688	192.71242
	392	209.38454	184.95781
	393	205.01598	171.88492
	394	202.41786	132.96245
	395	205.24019	112.15589
	396	211.79456	91.89054
	397	220.16718	75.6849
	398	231.0445	64.10339
	399	252.4311	50.179203

Effects	Puppet #2	arap #3	Mesh	Mesh #1	Deform	Pin #2	Position
	Frame	X pixels	Y pixels
	0	294.91962	154.50696
	1	294.10092	135.05257
	2	296.58743	126.482635
	3	300.55792	119.803474
	4	305.06607	114.46689
	5	315.00458	108.66017
	6	320.64194	108.34019
	7	324.79803	108.99438
	8	327.11847	109.74235
	9	329.07758	108.791794
	10	328.7463	108.1082
	11	328.2155	107.68851
	12	325.79944	106.94546
	13	320.02728	105.20759
	14	315.18286	104.67533
	15	310.0345	104.8491
	16	303.8977	105.794685
	17	293.7474	109.754166
	18	288.4905	112.21002
	19	283.9342	115.69649
	20	281.2853	119.00918
	21	279.40677	123.403725
	22	278.95218	124.84711
	23	278.79944	126.5124
	24	278.36227	129.039
	25	277.56482	130.51392
	26	277.23383	132.30432
	27	276.4141	131.0154
	28	276.67007	129.3002
	29	278.97336	123.03994
	30	281.4189	119.389854
	31	283.3655	116.38532
	32	286.53055	113.550064
	33	295.28833	115.48503
	34	298.06012	118.85246
	35	301.52582	115.85791
	36	303.59286	112.77898
	37	304.82358	108.008385
	38	304.45966	106.69999
	39	300.15518	112.395645
	40	300.41272	111.13736
	41	295.4271	112.83578
	42	288.792	110.87404
	43	283.65915	110.42413
	44	278.87582	111.090454
	45	275.55106	112.811035
	46	275.0492	112.07245
	47	275.22858	110.36795
	48	277.11685	109.56197
	49	284.74927	109.737656
	50	288.83508	112.14831
	51	294.45972	115.82853
	52	298.03024	122.75908
	53	303.7381	143.27481
	54	307.59207	151.29886
	55	313.0861	156.48589
	56	317.04523	158.6646
	57	319.95352	160.43108
	58	319.05545	160.65001
	59	316.23798	161.06789
	60	311.88126	160.7951
	61	298.25415	156.226
	62	291.6648	152.84299
	63	286.1691	149.36389
	64	282.22955	147.05298
	65	279.30658	147.65982
	66	281.2439	150.26782
	67	285.036	153.64182
	68	290.4886	157.88118
	69	305.6983	167.16885
	70	312.98517	171.15169
	71	317.87592	174.3184
	72	320.89227	176.30605
	73	318.38522	179.52145
	74	315.3488	176.31522
	75	311.75366	172.5237
	76	308.69446	168.25835
	77	307.74994	157.66373
	78	308.13446	152.22646
	79	309.24884	147.01447
	80	309.8974	142.83632
	81	308.94684	137.91016
	82	308.02524	136.85124
	83	307.07117	137.02747
	84	304.43665	138.96829
	85	298.25388	143.70969
	86	294.71313	146.29669
	87	293.48083	148.62224
	88	292.30228	150.97122
	89	295.66293	155.65819
	90	299.42688	157.11516
	91	302.10782	158.00696
	92	304.3162	157.77611
	93	301.92627	153.71463
	94	297.7943	150.39294
	95	293.9203	147.37978
	96	288.68427	144.21785
	97	285.06577	142.70027
	98	285.64587	143.09485
	99	288.9802	145.79347
	100	294.8276	149.89616
	101	307.0761	158.76349
	102	312.16	163.02473
	103	315.28696	166.83621
	104	316.72458	174.79973
	105	311.38498	172.76237
	106	308.7969	169.98843
	107	307.19638	166.14029
	108	305.36786	161.73433
	109	305.56183	154.12823
	110	305.96164	150.12682
	111	306.46222	146.24216
	112	306.7108	143.62549
	113	307.52457	140.32187
	114	306.69446	139.76273
	115	304.11096	140.53583
	116	299.74164	141.92168
	117	291.96106	146.11717
	118	289.7042	148.64812
	119	288.17975	151.64328
	120	287.80728	154.85841
	121	293.70435	160.72128
	122	298.07584	161.65843
	123	300.0812	161.67798
	124	299.69547	160.64056
	125	294.8615	156.32576
	126	289.71826	152.72517
	127	285.0312	150.31468
	128	280.56937	147.75984
	129	274.86948	147.4123
	130	274.05917	149.31033
	131	275.37112	153.49738
	132	277.66953	156.99658
	133	281.66122	161.89003
	134	295.86606	176.37073
	135	305.4921	184.49963
	136	315.6862	191.56334
	137	332.06635	202.42314
	138	336.03653	206.63586
	139	339.11212	210.86551
	140	339.76758	213.82791
	141	339.02023	214.60628
	142	336.8273	213.81801
	143	333.7196	211.68349
	144	329.88824	209.26195
	145	315.8136	207.7531
	146	306.66382	205.0885
	147	300.4492	202.6399
	148	297.10352	200.79984
	149	296.3601	199.95917
	150	297.9103	199.77513
	151	300.8792	202.50275
	152	305.0749	205.70619
	153	317.2894	210.70604
	154	321.35135	213.84738
	155	328.24158	214.75009
	156	333.33035	214.55054
	157	336.64462	213.56845
	158	334.1421	210.27463
	159	327.24112	206.0896
	160	327.24112	206.0896
	161	308.87296	193.59515
	162	285.8471	172.10489
	163	278.7146	160.65396
	164	272.84866	149.04672
	165	268.16672	130.12282
	166	267.52814	122.84495
	167	267.58124	117.42463
	168	270.30527	114.69598
	169	271.869	112.59427
	170	271.63263	112.17927
	171	271.29266	112.56787
	172	271.01166	113.15684
	173	271.24783	113.583595
	174	271.09042	112.28387
	175	271.104	111.80887
	176	270.27917	111.73454
	177	264.80075	111.81924
	178	262.62787	114.70633
	179	260.16092	119.77393
	180	259.92822	126.50413
	181	262.1516	139.08055
	182	264.63782	143.31105
	183	266.78604	146.28383
	184	269.00574	149.80786
	185	270.86243	151.89859
	186	273.95703	155.98944
	187	276.18686	159.49294
	188	279.35675	164.03166
	189	282.29547	168.1259
	190	285.56128	172.78572
	191	287.4612	173.01288
	192	288.40222	172.36847
	193	289.37134	168.80292
	194	288.74615	166.57008
	195	288.44473	164.91766
	196	289.0577	164.162
	197	289.22394	163.88188
	198	290.96674	164.95815
	199	292.57645	166.01637
	200	294.22504	167.69525
	201	295.69022	169.08226
	202	297.20947	171.04558
	203	297.06186	171.01253
	204	296.4966	168.957
	205	295.47452	162.10378
	206	294.22852	156.11389
	207	295.01663	150.1893
	208	296.54977	144.92442
	209	299.02527	140.34828
	210	308.08875	135.65034
	211	312.50528	134.48961
	212	316.49918	136.53497
	213	320.30887	140.06096
	214	336.04492	147.49985
	215	346.65594	153.71458
	216	356.31293	160.32375
	217	363.55707	167.0637
	218	375.34137	180.29092
	219	379.20325	185.63402
	220	381.2687	190.01457
	221	383.59293	195.26256
	222	382.78195	196.83762
	223	381.2538	198.49536
	224	379.33365	199.45755
	225	375.07263	199.5758
	226	360.8148	195.52763
	227	351.55203	192.7301
	228	342.48175	190.46648
	229	332.0275	188.00792
	230	311.26727	175.47133
	231	303.17267	171.57028
	232	294.97903	168.3125
	233	286.28894	165.24295
	234	276.15295	162.36084
	235	274.89697	161.75626
	236	276.38654	162.66058
	237	278.40964	165.2217
	238	287.28876	174.62405
	239	294.34378	180.01247
	240	304.03113	185.86008
	241	313.7749	190.81956
	242	327.14838	196.35109
	243	330.29358	198.56735
	244	329.29282	199.48819
	245	322.74686	198.80904
	246	306.19543	189.30977
	247	296.58203	179.94926
	248	287.72778	169.89877
	249	281.10034	158.57379
	250	273.1215	140.28783
	251	271.27597	132.89456
	252	272.0674	128.03488
	253	272.29944	125.301796
	254	274.20135	127.65146
	255	276.31265	133.44238
	256	278.89563	141.2409
	257	283.67123	149.89008
	258	299.7107	172.1538
	259	309.98477	180.22217
	260	316.358	186.51627
	261	320.77292	189.3213
	262	318.5643	191.2611
	263	313.09045	190.76178
	264	306.2272	189.51482
	265	298.42166	186.76622
	266	281.86752	179.64749
	267	275.1164	175.68753
	268	268.8621	171.79651
	269	264.20178	168.02
	270	256.71146	163.40448
	271	255.13065	162.90678
	272	254.0097	165.02277
	273	255.2433	168.35141
	274	262.6063	180.01157
	275	268.63934	187.23804
	276	276.03214	194.2357
	277	283.7478	199.7963
	278	297.91562	207.61693
	279	304.22064	209.64781
	280	308.0696	210.21896
	281	310.94272	210.02242
	282	316.97742	205.34839
	283	319.23856	201.71646
	284	321.52917	196.27745
	285	324.24658	190.00096
	286	329.28314	172.65811
	287	333.45663	164.16817
	288	337.56494	155.4188
	289	341.64713	148.59291
	290	348.63733	144.17923
	291	352.41452	146.35066
	292	354.8491	151.77055
	293	356.32822	160.28723
	294	354.06012	178.40265
	295	350.80386	186.72812
	296	340.4504	192.23595
	297	331.21194	196.05856
	298	316.10236	200.34726
	299	307.4259	199.27373
	300	300.17117	195.61903
	301	293.2119	190.95909
	302	281.291	177.54655
	303	277.23383	168.5374
	304	274.48477	160.83495
	305	271.92368	153.60806
	306	267.24884	144.65753
	307	265.97647	142.03348
	308	265.06567	141.87059
	309	264.55402	143.02492
	310	268.6207	151.94023
	311	271.29758	159.471
	312	275.41183	168.43681
	313	280.32654	177.15887
	314	287.92734	191.92955
	315	292.2757	197.50075
	316	296.365	200.51855
	317	299.50064	200.84879
	318	304.24463	198.60416
	319	308.49728	196.53671
	320	313.12192	192.84695
	321	318.2663	188.31017
	322	323.2028	176.98152
	323	325.70538	172.39236
	324	327.03214	168.90608
	325	327.50763	166.37677
	326	329.80737	164.64699
	327	328.71793	166.59283
	328	326.89844	170.16881
	329	325.3097	174.90349
	330	319.25583	184.72682
	331	309.6528	189.80885
	332	300.33063	191.97343
	333	295.40744	191.03453
	334	292.46674	192.18767
	335	288.20303	193.9147
	336	282.84167	194.28261
	337	276.9533	193.38379
	338	263.98465	186.19624
	339	258.0621	181.23663
	340	252.53432	176.22339
	341	247.2464	170.87944
	342	240.23837	161.82222
	343	238.27704	157.58444
	344	236.26485	154.76556
	345	234.65756	151.2336
	346	232.36781	143.19925
	347	230.9967	139.19821
	348	229.89394	134.68237
	349	229.40976	132.38658
	350	226.76738	125.091866
	351	226.32632	122.031586
	352	225.79947	120.99926
	353	225.62816	121.096794
	354	225.41327	127.089836
	355	225.3279	132.91255
	356	225.99036	141.05858
	357	226.62523	149.69795
	358	229.94127	157.95546
	359	235.99976	167.94826
	360	237.62123	169.04555
	361	234.49123	166.69962
	362	231.01009	162.43143
	363	224.76974	153.27432
	364	222.90688	150.2864
	365	221.93248	150.30836
	366	221.36153	155.7527
	367	221.85872	157.70792
	368	222.89798	158.10722
	369	222.55133	156.3439
	370	222.0528	152.90656
	371	223.08063	146.40573
	372	225.73291	146.26163
	373	228.12694	148.5776
	374	231.81938	154.28444
	375	241.95865	169.73578
	376	248.11377	173.804
	377	251.83853	177.4826
	378	256.7792	177.89278
	379	257.59402	178.17943
	380	259.64224	178.34393
	381	262.91302	180.97055
	382	268.50894	185.40907
	383	282.357	194.67151
	384	289.86115	198.01971
	385	295.4207	199.54424
	386	298.89124	200.18031
	387	301.94974	198.55142
	388	302.46054	197.4829
	389	302.65253	197.01294
	390	302.0177	196.75508
	391	298.69492	194.60356
	392	295.3399	189.1623
	393	289.99652	180.7687
	394	278.7745	157.90639
	395	274.43353	145.26273
	396	271.02625	133.33641
	397	270.38297	122.92916
	398	273.16302	114.676445
	399	277.60336	102.489944

Effects	Puppet #2	arap #3	Mesh	Mesh #1	Deform	Pin #3	Position
	Frame	X pixels	Y pixels
	0	361.5408	144.18677
	1	360.89304	141.43085
	2	360.85718	140.44536
	3	361.69388	139.19429
	4	362.65308	138.09781
	5	363.45676	136.3929
	6	364.23352	134.61703
	7	364.70016	131.98795
	8	364.95142	130.51942
	9	365.32306	128.67058
	10	365.22137	128.38997
	11	364.94354	128.48112
	12	364.55545	127.34275
	13	361.679	126.90085
	14	359.89093	126.988655
	15	358.46442	127.02202
	16	356.55704	127.49534
	17	353.99512	130.03362
	18	353.61407	130.58627
	19	354.2898	131.18333
	20	354.80243	130.95384
	21	356.50394	129.23627
	22	357.35104	129.29254
	23	358.193	129.1214
	24	358.97266	129.47682
	25	360.05252	130.58983
	26	361.5413	132.74562
	27	361.99716	133.09512
	28	362.55063	133.26732
	29	363.91913	132.62392
	30	364.19742	132.576
	31	364.6489	132.7228
	32	364.89923	133.49414
	33	364.79013	136.18689
	34	364.80444	136.965
	35	364.60855	137.19069
	36	364.70364	136.06226
	37	364.42856	134.25946
	38	364.3807	133.28716
	39	364.03156	133.36505
	40	363.84525	133.57487
	41	363.2038	133.95659
	42	362.90683	134.39626
	43	362.36044	135.06438
	44	362.07587	135.46458
	45	361.6091	133.78728
	46	361.42212	133.68262
	47	361.21902	133.6843
	48	360.91904	133.5727
	49	360.46756	132.59789
	50	360.0091	133.07974
	51	359.7418	133.7945
	52	359.71133	133.7387
	53	358.88544	134.32704
	54	357.998	134.46082
	55	357.51224	134.45798
	56	356.78473	133.48409
	57	355.64954	133.34348
	58	355.5075	133.92459
	59	355.55054	134.55145
	60	355.63058	135.49387
	61	356.57892	137.84613
	62	356.94952	138.72575
	63	356.72055	140.16663
	64	356.916	140.72469
	65	356.65436	140.1364
	66	356.9704	139.5116
	67	357.3545	139.16032
	68	357.51373	139.38432
	69	357.99826	138.3188
	70	358.31183	137.71199
	71	358.3101	138.39455
	72	357.877	138.6746
	73	357.2095	137.30733
	74	357.57947	136.12628
	75	356.85498	134.65335
	76	356.54474	133.45944
	77	356.89774	132.69122
	78	356.2096	132.65906
	79	355.86752	133.61096
	80	356.18524	134.38892
	81	355.69342	135.94246
	82	355.26657	136.29886
	83	355.03064	136.82027
	84	354.413	137.07031
	85	354.591	136.7517
	86	354.82153	137.07109
	87	355.04745	137.3604
	88	355.02426	137.47571
	89	355.58194	136.91188
	90	355.69412	136.4213
	91	355.72797	135.4622
	92	355.90543	134.945
	93	356.5445	135.63345
	94	357.17627	136.56717
	95	357.88593	137.7905
	96	358.53772	138.95097
	97	359.6663	140.37299
	98	359.8863	139.017
	99	360.00134	138.45287
	100	360.99945	137.07301
	101	361.91138	136.34375
	102	362.08032	136.9471
	103	362.12045	138.42514
	104	362.90186	139.40645
	105	363.8564	140.98274
	106	363.7922	141.04475
	107	363.4697	139.89555
	108	363.5137	138.46173
	109	363.9331	136.57571
	110	363.68408	135.77603
	111	363.02512	136.47748
	112	362.64108	136.55829
	113	361.2026	138.74469
	114	360.34302	139.27455
	115	359.46057	139.23726
	116	358.6997	139.28111
	117	357.6741	138.22005
	118	357.34836	138.37555
	119	357.03082	138.7739
	120	356.42377	138.97186
	121	355.81335	140.05838
	122	355.41025	140.30296
	123	355.45792	140.11858
	124	355.72644	139.54497
	125	355.80103	138.61464
	126	356.28552	138.82286
	127	356.3384	139.78743
	128	356.3882	141.2112
	129	357.26428	143.12863
	130	358.1878	144.5996
	131	358.5878	144.51741
	132	358.6227	144.46585
	133	358.7694	143.08243
	134	359.07898	142.07455
	135	359.78674	142.17877
	136	359.99927	142.19308
	137	360.68707	143.92935
	138	361.2101	145.85489
	139	361.9466	147.44426
	140	362.27206	148.86795
	141	364.40393	151.44441
	142	364.97037	151.23264
	143	365.8256	150.94856
	144	366.6986	151.57033
	145	367.47028	153.58699
	146	368.47983	155.47145
	147	368.94077	156.6473
	148	369.08603	156.80629
	149	369.37433	157.47972
	150	369.73364	157.88239
	151	369.42944	157.66844
	152	369.33508	157.76727
	153	368.97202	157.67221
	154	368.09427	156.67143
	155	367.5367	155.78839
	156	367.1595	154.64012
	157	365.06808	150.64816
	158	363.83655	147.89749
	159	362.83365	144.6898
	160	362.83365	144.6898
	161	360.4426	138.46542
	162	358.58298	134.34747
	163	358.115	134.04675
	164	356.85437	133.597
	165	354.42413	130.66266
	166	353.58994	128.72438
	167	352.3479	127.08341
	168	351.46146	126.40417
	169	349.5399	126.40299
	170	348.8175	126.86485
	171	348.46265	127.453445
	172	348.5121	127.76931
	173	348.26254	128.07669
	174	348.2553	127.56189
	175	348.27615	126.471214
	176	348.29745	125.2584
	177	347.13144	124.876076
	178	347.06927	125.04189
	179	347.04352	125.93272
	180	347.00134	127.00579
	181	347.1109	129.35219
	182	347.51672	129.11974
	183	347.71982	128.41101
	184	348.7703	128.45291
	185	350.11035	129.41391
	186	352.0113	130.9423
	187	353.03278	131.82523
	188	353.93875	132.88373
	189	354.78812	134.47626
	190	356.77402	136.06561
	191	357.68948	136.18652
	192	358.5141	135.95407
	193	360.88242	136.91112
	194	362.21466	137.42339
	195	363.76083	138.02113
	196	365.13202	138.56248
	197	366.49268	139.45729
	198	369.04355	140.78308
	199	370.23865	141.18916
	200	371.52252	141.30457
	201	372.65405	142.18855
	202	374.04938	140.54767
	203	374.96832	140.77037
	204	375.53116	140.1321
	205	376.0226	140.36661
	206	376.38223	140.51103
	207	376.9194	140.11775
	208	377.76407	139.00508
	209	377.988	137.49219
	210	377.72018	134.47293
	211	377.9185	132.90257
	212	377.32272	131.4285
	213	376.95444	130.99126
	214	377.22552	129.82211
	215	377.5384	129.88258
	216	377.78326	130.1066
	217	379.0409	130.98125
	218	381.81207	132.87222
	219	383.0802	133.48808
	220	383.98212	133.88878
	221	383.17612	134.88124
	222	382.10504	135.37239
	223	380.98633	135.76205
	224	378.23605	135.63504
	225	376.40173	135.33554
	226	371.5012	134.53098
	227	369.15735	133.64572
	228	367.23517	133.38666
	229	365.7274	132.76591
	230	363.76926	131.16759
	231	362.5321	130.57205
	232	361.86502	130.6092
	233	361.5598	130.7408
	234	360.673	130.95453
	235	360.7396	130.7984
	236	360.80518	130.65929
	237	360.80774	130.56416
	238	361.2963	130.37892
	239	360.85718	130.57617
	240	360.77985	130.68707
	241	360.4859	130.89069
	242	361.21835	131.02261
	243	361.48346	132.4371
	244	362.13422	133.12062
	245	362.47565	134.62569
	246	362.3754	133.7915
	247	362.3175	132.51878
	248	362.59985	131.24664
	249	362.7886	130.05173
	250	363.01917	127.41504
	251	363.0899	127.07348
	252	363.3874	126.72437
	253	363.08707	126.649635
	254	362.6456	127.023224
	255	362.4702	127.00709
	256	362.43524	127.31843
	257	361.95285	128.1778
	258	360.84186	129.09813
	259	359.70135	130.12114
	260	357.93042	131.3753
	261	355.58395	133.00688
	262	349.83682	134.45435
	263	347.06296	135.40952
	264	344.51532	136.57365
	265	341.48398	137.45508
	266	335.06265	138.60715
	267	332.0982	138.66121
	268	329.04968	137.4729
	269	326.84625	136.97043
	270	322.04727	134.57
	271	320.33774	134.24692
	272	319.1275	134.25229
	273	318.5435	134.9741
	274	317.0234	137.07242
	275	316.5199	139.39479
	276	316.66718	142.3249
	277	316.76645	144.89888
	278	318.96005	148.74625
	279	321.08112	150.08878
	280	323.4864	150.60674
	281	325.61566	149.58371
	282	328.70984	144.43092
	283	331.18564	140.69014
	284	333.54172	136.2547
	285	335.98038	132.9346
	286	341.33572	127.52869
	287	344.22034	127.40327
	288	346.94373	126.52399
	289	349.38412	126.36336
	290	352.63928	125.33357
	291	353.4031	125.60681
	292	353.60355	125.83171
	293	353.56155	126.5697
	294	351.23547	130.05162
	295	349.994	132.14673
	296	347.5704	135.17818
	297	345.86038	137.97495
	298	342.8211	141.93303
	299	340.18454	141.18327
	300	338.61414	140.8664
	301	337.13718	139.81075
	302	333.8175	133.58481
	303	332.60916	130.57837
	304	331.7308	127.54669
	305	330.51465	124.9863
	306	328.57217	121.18828
	307	327.5676	121.12673
	308	326.67078	121.58794
	309	326.1046	122.158844
	310	324.8692	125.01121
	311	324.5774	126.823524
	312	324.12592	129.21365
	313	323.25272	131.2542
	314	321.92493	136.33473
	315	321.1607	139.4242
	316	320.05865	141.04314
	317	318.57962	141.97453
	318	316.40042	141.04787
	319	315.9431	139.33972
	320	315.8146	136.52739
	321	315.83508	134.7116
	322	315.17075	131.75815
	323	314.96692	130.79967
	324	315.37497	130.1359
	325	315.59302	130.08647
	326	314.3251	131.03658
	327	313.48212	132.06044
	328	312.73218	132.86632
	329	312.2861	133.96791
	330	310.7566	135.24243
	331	309.9062	135.4179
	332	308.27768	134.31563
	333	306.83908	133.42241
	334	306.3916	132.2486
	335	306.537	131.4702
	336	306.7562	130.65276
	337	307.069	130.68596
	338	307.74667	130.7421
	339	307.1584	129.49165
	340	306.86038	127.6476
	341	306.55096	126.32396
	342	305.9506	124.87365
	343	305.27158	124.78356
	344	305.41116	124.7901
	345	305.40796	124.35357
	346	305.501	124.05672
	347	305.18448	123.68925
	348	304.58502	123.3962
	349	303.941	123.520744
	350	303.2313	123.555046
	351	303.03662	123.8489
	352	302.35977	122.91009
	353	301.75192	122.9986
	354	300.93948	124.63685
	355	300.71313	125.10981
	356	300.26624	126.00926
	357	299.9244	126.37358
	358	299.9446	126.56196
	359	300.52676	126.165245
	360	300.45312	126.067
	361	300.1208	125.894745
	362	300.02255	126.70252
	363	300.3796	126.5632
	364	300.43402	126.5351
	365	300.7583	126.9173
	366	301.79092	127.9759
	367	301.80933	127.71547
	368	302.04657	127.45741
	369	302.65115	127.77511
	370	303.17014	127.468254
	371	304.59253	127.59934
	372	305.64185	127.78376
	373	306.67865	128.0816
	374	307.69592	128.53539
	375	311.02542	130.93114
	376	312.6464	131.17746
	377	315.1818	131.78613
	378	321.07584	133.47165
	379	324.7047	134.82797
	380	327.7701	135.74696
	381	331.32355	137.06644
	382	334.60934	137.9284
	383	341.10364	141.84833
	384	344.28436	143.90068
	385	347.73535	145.56393
	386	350.85034	147.15627
	387	353.12543	148.59625
	388	353.5953	148.77536
	389	353.9567	148.84651
	390	354.2094	148.7282
	391	355.09213	148.1386
	392	355.654	147.54784
	393	355.21817	141.26874
	394	356.7245	132.73032
	395	357.06497	130.27156
	396	356.85303	128.14589
	397	356.3833	125.828285
	398	355.50525	124.9459
	399	353.72952	124.05972

Effects	Puppet #2	arap #3	Mesh	Mesh #1	Deform	Pin #4	Position
	Frame	X pixels	Y pixels
	0	521.4595	86.47906
	1	550.5447	113.193474
	2	559.21655	129.25809
	3	562.1127	148.9205
	4	558.9749	168.34206
	5	543.1112	198.16412
	6	535.3199	205.86826
	7	531.5099	208.43109
	8	531.133	207.99237
	9	538.48267	199.04326
	10	541.555	194.52376
	11	543.35626	191.423
	12	542.30963	191.18814
	13	537.4844	193.06715
	14	539.2588	191.66702
	15	542.6453	188.0703
	16	547.6487	181.24536
	17	555.67426	158.60216
	18	556.2259	145.06793
	19	555.7208	130.71849
	20	554.9554	117.19492
	21	549.3625	93.99319
	22	547.3683	87.20548
	23	547.06616	82.244385
	24	548.2012	78.971275
	25	550.4731	78.737625
	26	558.0789	81.52958
	27	560.3322	83.03357
	28	561.3715	82.24625
	29	555.56323	75.391846
	30	547.90454	71.05996
	31	537.6116	67.643616
	32	524.05853	64.26416
	33	493.70258	64.144775
	34	479.18115	65.71437
	35	466.6557	68.02139
	36	457.39148	69.938065
	37	453.34406	67.6972
	38	459.42755	64.6947
	39	469.94138	62.52771
	40	483.60556	61.98851
	41	511.04977	64.9188
	42	525.16077	67.23078
	43	538.88293	71.30347
	44	550.9296	77.31573
	45	575.884	80.99425
	46	582.259	80.513855
	47	577.18677	78.92476
	48	568.64386	73.41414
	49	537.99207	60.78955
	50	521.4677	64.146385
	51	507.37268	68.12461
	52	495.22113	73.88167
	53	478.14536	83.606026
	54	473.69498	88.74693
	55	470.24075	89.35301
	56	472.27396	88.53962
	57	485.31992	84.73725
	58	493.1731	84.35282
	59	503.87146	84.825676
	60	516.71716	86.39585
	61	552.07983	91.83529
	62	569.98615	94.55448
	63	584.29584	97.5488
	64	594.3482	99.651054
	65	598.14606	98.39337
	66	591.65967	97.76133
	67	581.97473	99.5447
	68	572.16394	101.48236
	69	550.5859	106.22529
	70	540.54	107.410675
	71	530.70856	107.98545
	72	520.13446	107.3279
	73	503.1418	105.54576
	74	496.16156	104.78083
	75	489.34686	102.934265
	76	483.53653	102.233604
	77	469.26865	100.86633
	78	463.44156	101.40207
	79	458.05475	104.81562
	80	453.8506	106.720375
	81	449.82632	109.3344
	82	448.53903	110.23402
	83	447.82806	110.3128
	84	446.12003	109.55651
	85	446.6826	104.632385
	86	450.1745	103.65237
	87	452.5802	103.78779
	88	455.68964	104.44683
	89	469.94327	103.85205
	90	478.38763	102.42223
	91	489.92062	99.53512
	92	503.658	96.86098
	93	539.1596	91.52444
	94	556.2779	89.68079
	95	572.42883	88.6254
	96	582.57434	88.74123
	97	588.0486	90.08176
	98	583.75195	89.64392
	99	577.2512	91.49719
	100	567.88684	94.608246
	101	549.03186	101.56563
	102	540.06604	104.38832
	103	532.3168	105.610855
	104	523.30707	105.416534
	105	503.43704	104.12715
	106	497.32986	103.98634
	107	490.80002	102.983894
	108	485.1385	102.427895
	109	479.80963	102.68218
	110	477.3312	103.517494
	111	476.46704	105.88732
	112	476.70367	109.07236
	113	475.9742	115.45975
	114	476.214	116.17697
	115	477.3231	115.47845
	116	479.01306	114.04442
	117	481.2367	112.018524
	118	484.18747	113.74338
	119	487.16202	115.72525
	120	490.16647	118.169205
	121	500.44656	120.58227
	122	510.15872	120.23444
	123	518.5882	118.192795
	124	528.1906	114.860405
	125	551.97076	105.27393
	126	564.8594	102.14941
	127	577.24304	101.510254
	128	583.0584	105.59092
	129	598.7733	108.7459
	130	594.711	113.44864
	131	594.66614	114.70759
	132	591.7021	115.805664
	133	583.86633	121.743576
	134	561.14777	139.72194
	135	551.7597	155.66754
	136	543.7768	174.35101
	137	532.66815	207.57993
	138	531.9311	218.54721
	139	533.98883	222.11937
	140	537.88983	220.73715
	141	547.67065	202.67552
	142	551.0311	187.86317
	143	553.0927	170.50713
	144	553.7116	151.53897
	145	549.7798	116.752365
	146	541.9876	102.312
	147	535.9135	90.58934
	148	531.3216	81.03273
	149	527.17096	75.34642
	150	529.81647	73.82511
	151	534.8121	78.72833
	152	544.2147	85.818665
	153	562.9827	110.96314
	154	570.03235	127.81453
	155	574.12964	146.37517
	156	574.04297	166.28844
	157	565.23724	199.38809
	158	560.7354	211.92001
	159	557.2627	220.42075
	160	555.94055	224.92776
	161	557.85254	226.4874
	162	568.2661	222.67549
	163	573.6814	215.8347
	164	578.34045	207.75346
	165	583.5166	192.28517
	166	582.63794	188.574
	167	579.85645	188.51108
	168	576.3076	192.78777
	169	566.2349	210.3902
	170	560.0261	219.45192
	171	555.3074	226.27032
	172	553.7622	229.12267
	173	554.15735	228.96313
	174	562.47986	218.53125
	175	567.426	209.19078
	176	570.3265	200.21431
	177	576.08044	183.14813
	178	576.2096	178.4258
	179	574.20703	174.76157
	180	574.4728	173.0337
	181	574.5947	161.89806
	182	573.7944	152.04721
	183	571.6002	140.82051
	184	567.8147	128.3715
	185	563.88544	116.463486
	186	554.6716	99.17441
	187	550.3424	94.34925
	188	548.4048	93.25941
	189	545.486	93.493385
	190	538.1476	91.95485
	191	530.7337	89.07064
	192	523.1062	86.198906
	193	508.42984	79.947014
	194	501.34262	77.306404
	195	495.16818	76.4224
	196	489.55173	76.83383
	197	484.33325	77.68691
	198	475.4788	79.158585
	199	470.24704	78.216576
	200	467.1724	76.98301
	201	464.62863	77.27578
	202	455.2921	83.25048
	203	444.4258	90.61476
	204	438.13177	101.30471
	205	444.24496	135.69797
	206	453.99582	154.54552
	207	467.60718	172.25867
	208	474.24844	188.26524
	209	481.8085	203.10188
	210	498.8204	226.063
	211	509.36475	235.80875
	212	520.2053	243.5786
	213	530.01514	248.19707
	214	546.89655	252.67786
	215	553.1964	253.55365
	216	557.57904	253.62311
	217	560.89435	253.63577
	218	562.9336	252.97365
	219	561.78735	253.5914
	220	559.3931	255.2559
	221	550.9193	257.8133
	222	545.84015	259.12677
	223	540.3092	259.72336
	224	536.1356	260.04712
	225	536.5332	260.7708
	226	545.55554	255.60382
	227	554.0314	248.30371
	228	561.97723	238.24825
	229	570.57965	227.41533
	230	583.7108	200.93864
	231	589.3797	188.04422
	232	594.26685	176.12091
	233	597.2102	166.10841
	234	597.7906	154.0971
	235	598.0514	152.13066
	236	598.63635	153.73145
	237	598.65454	158.25075
	238	591.43854	178.03699
	239	582.66266	193.20782
	240	570.97235	209.11566
	241	556.8651	224.95175
	242	532.37146	249.01697
	243	525.0884	255.67082
	244	525.9238	257.10373
	245	531.2853	255.97899
	246	557.5788	239.2457
	247	572.58374	222.58961
	248	586.31104	203.01128
	249	592.72894	181.48586
	250	601.5761	144.89903
	251	603.64954	131.77417
	252	604.1501	123.104195
	253	604.7094	118.62329
	254	604.1591	120.826225
	255	602.4977	128.59906
	256	598.5911	140.93692
	257	596.2478	156.1572
	258	574.7819	193.85722
	259	558.27795	211.22252
	260	540.38196	224.49818
	261	520.7203	232.76262
	262	479.44135	234.11977
	263	461.36438	230.77931
	264	441.87775	222.632
	265	424.93958	211.8331
	266	402.81393	186.83551
	267	395.67874	174.87788
	268	391.4702	164.28511
	269	388.01135	156.13261
	270	383.79523	147.05692
	271	382.41763	146.32748
	272	381.19885	147.8048
	273	379.01038	151.44312
	274	376.11945	165.04913
	275	375.03732	175.20108
	276	375.202	187.36983
	277	378.333	201.05475
	278	391.3456	225.99156
	279	401.94214	234.64027
	280	413.7991	239.8426
	281	427.77014	242.10524
	282	455.12247	235.81982
	283	471.65662	227.13936
	284	486.6226	213.47278
	285	502.61966	196.04152
	286	525.1842	159.04199
	287	531.2931	142.3304
	288	535.5187	129.93756
	289	537.5843	121.38519
	290	539.7878	119.279366
	291	538.171	127.00127
	292	534.57043	137.80537
	293	528.4033	151.5805
	294	508.54944	186.21053
	295	497.55646	203.5035
	296	482.04535	218.63623
	297	469.04132	230.09102
	298	441.52466	240.2787
	299	428.28943	238.15605
	300	415.85474	230.59537
	301	406.11417	219.5997
	302	392.5335	186.97256
	303	389.53107	171.2355
	304	388.522	156.9342
	305	388.23602	144.88062
	306	387.46057	132.05089
	307	386.1542	131.10616
	308	382.6797	134.10374
	309	379.26855	141.45346
	310	374.39197	165.27977
	311	374.04968	182.10535
	312	379.69757	198.83324
	313	385.10638	215.18686
	314	416.50858	237.0141
	315	433.44318	242.20532
	316	449.18344	248.0309
	317	466.78244	247.2526
	318	500.82242	232.21262
	319	513.8727	218.16939
	320	523.7068	203.60547
	321	530.4649	187.96265
	322	532.56165	156.37186
	323	529.813	143.12544
	324	525.1295	131.17647
	325	519.3079	121.87848
	326	509.05197	112.67052
	327	504.32233	112.70088
	328	503.3249	116.61635
	329	503.9301	123.50013
	330	507.5235	146.58961
	331	508.6908	163.38553
	332	505.7684	181.34546
	333	499.58554	197.08167
	334	482.8059	217.57945
	335	475.08685	222.31235
	336	469.8484	224.60123
	337	468.94907	223.69981
	338	481.01978	215.59094
	339	490.1453	211.05057
	340	500.79013	203.847
	341	513.16486	194.29918
	342	530.86725	172.98387
	343	535.033	160.66682
	344	535.85864	149.71999
	345	534.8189	139.57773
	346	526.8506	120.685776
	347	521.52594	112.9777
	348	516.73553	105.79521
	349	511.55606	98.690216
	350	501.23203	86.99963
	351	495.1631	83.11475
	352	489.21625	80.42414
	353	486.8079	80.091324
	354	489.55627	86.367966
	355	496.42694	93.372406
	356	507.13586	105.486305
	357	516.73083	120.3916
	358	524.67413	141.13138
	359	531.19324	167.29094
	360	532.7884	167.06384
	361	534.3333	159.06845
	362	535.5215	148.05504
	363	537.6637	126.15921
	364	539.22	122.32292
	365	541.7894	125.309326
	366	545.1609	141.29028
	367	546.99994	148.40187
	368	547.8045	148.73323
	369	546.9088	141.81078
	370	542.8099	129.88284
	371	525.69354	103.34219
	372	516.45667	92.80421
	373	503.95178	88.13025
	374	492.0959	88.1121
	375	469.06943	94.69717
	376	456.9628	97.6352
	377	443.72473	96.16693
	378	421.9032	84.346405
	379	409.49426	77.85441
	380	399.33347	73.75447
	381	387.06027	72.35271
	382	373.07724	74.03398
	383	358.42084	86.63202
	384	357.63226	91.473465
	385	356.31265	89.99434
	386	356.84177	83.72436
	387	375.88556	72.638245
	388	382.76254	71.46472
	389	381.5477	72.98228
	390	382.41034	78.12881
	391	396.3638	91.69667
	392	410.07407	91.44942
	393	436.77084	88.67634
	394	473.16318	77.441536
	395	490.68488	72.09699
	396	507.564	70.52342
	397	523.06244	71.14634
	398	539.1814	75.71379
	399	577.33795	89.008705

Effects	Puppet #2	arap #3	Mesh	Mesh #1	Deform	Pin #5	Position
	Frame	X pixels	Y pixels
	0	518.546	136.8864
	1	515.9851	154.48499
	2	512.50433	163.44385
	3	506.608	172.1509
	4	500.04282	177.84567
	5	488.2168	183.86555
	6	483.036	185.2989
	7	480.14044	185.83395
	8	478.29034	186.15822
	9	479.15338	187.44637
	10	480.9089	187.67213
	11	482.3751	187.60883
	12	482.8547	187.55069
	13	480.85825	185.59352
	14	480.81146	184.78362
	15	482.59177	183.47777
	16	486.3332	181.8164
	17	497.51648	173.90454
	18	502.6132	168.16866
	19	507.49307	160.64589
	20	511.78418	152.61588
	21	516.3265	137.55226
	22	517.27344	133.17387
	23	517.286	129.28404
	24	517.91736	126.39747
	25	518.186	125.50868
	26	518.81726	124.74914
	27	517.95844	124.20656
	28	517.916	123.13209
	29	517.13965	119.188446
	30	516.627	117.31346
	31	516.0166	116.34323
	32	515.6586	115.394585
	33	516.73175	115.13576
	34	516.2247	113.82426
	35	514.4132	113.01692
	36	512.6489	111.7759
	37	512.08575	108.44541
	38	512.77344	108.00169
	39	513.9428	108.972084
	40	514.91327	110.81434
	41	513.9185	114.646515
	42	514.187	114.8577
	43	515.1123	116.02281
	44	515.9648	117.85955
	45	525.33405	117.466415
	46	528.14856	116.56143
	47	524.6022	116.48615
	48	522.8772	115.43725
	49	519.18616	113.356705
	50	520.50415	119.97495
	51	520.43274	125.69733
	52	520.7717	131.22748
	53	517.31555	140.42921
	54	514.6711	145.69624
	55	509.3732	147.25632
	56	506.23434	148.48735
	57	503.07022	148.92899
	58	503.47076	149.92383
	59	505.05515	151.14432
	60	506.84158	152.2608
	61	515.7754	151.28905
	62	522.28357	148.96951
	63	527.5709	147.04626
	64	531.1008	145.18634
	65	534.58606	144.58817
	66	532.9134	146.83307
	67	527.81335	151.09343
	68	522.75574	155.69978
	69	508.9627	164.00253
	70	503.91907	166.83104
	71	500.6368	168.8451
	72	499.49933	169.53052
	73	500.1431	168.08598
	74	499.7816	166.62569
	75	498.54422	163.52559
	76	495.74265	160.80942
	77	487.43716	153.5857
	78	482.172	149.6184
	79	475.6341	147.07172
	80	468.09036	144.16638
	81	459.86414	141.51062
	82	458.81842	141.5583
	83	458.91275	142.2544
	84	461.3903	143.92133
	85	469.71265	147.73886
	86	475.20392	150.60915
	87	481.14886	152.94003
	88	486.96445	154.52264
	89	498.51175	156.86984
	90	502.17123	157.2259
	91	505.81342	155.8468
	92	508.89093	153.73071
	93	519.69214	146.34314
	94	525.8371	142.6076
	95	531.88226	139.43378
	96	535.38275	137.99077
	97	537.09155	140.40512
	98	536.1374	142.50655
	99	533.12726	146.13528
	100	528.2199	151.6515
	101	515.46735	160.94775
	102	510.2404	164.5538
	103	508.3138	167.00777
	104	509.0921	167.84258
	105	511.21606	166.32906
	106	511.40765	165.47224
	107	510.978	162.9065
	108	507.3413	160.35933
	109	499.267	154.46114
	110	493.23837	151.11328
	111	488.66684	147.44476
	112	482.97366	143.4598
	113	475.10535	139.96916
	114	473.37045	139.60834
	115	473.97638	140.38809
	116	476.92642	142.23418
	117	485.476	147.88977
	118	490.74692	152.14171
	119	495.55273	155.83357
	120	500.77258	158.80566
	121	505.35092	162.49513
	122	506.32837	163.2441
	123	507.17172	162.16202
	124	509.08545	160.0517
	125	520.1999	152.05246
	126	525.62665	148.12546
	127	530.53186	144.98195
	128	528.8296	143.48376
	129	535.8584	141.34967
	130	531.15265	144.10284
	131	533.16187	145.96805
	132	533.6675	148.94498
	133	530.3198	154.33134
	134	518.84247	166.50002
	135	513.2032	171.66571
	136	507.5317	176.56058
	137	501.10175	184.45943
	138	501.88895	187.04628
	139	503.58694	188.0708
	140	505.93985	186.19199
	141	511.58038	177.75862
	142	514.5349	170.32658
	143	517.4686	161.48018
	144	519.9462	152.679
	145	521.80005	136.15834
	146	519.2755	128.97786
	147	517.121	123.08358
	148	514.8461	117.97941
	149	513.68243	115.271576
	150	515.01013	116.123436
	151	516.94086	119.65505
	152	520.7935	124.28061
	153	526.37976	138.80988
	154	527.2412	147.07066
	155	526.5515	155.52835
	156	523.9233	163.94905
	157	515.2288	177.0553
	158	511.59656	181.8145
	159	508.62177	184.66786
	160	506.49796	186.56462
	161	505.95535	187.54454
	162	508.06055	187.25317
	163	508.5491	185.81
	164	509.14328	184.61475
	165	508.9672	183.1418
	166	506.90085	182.9746
	167	503.3549	184.07608
	168	499.1421	186.19135
	169	491.46945	192.9754
	170	487.0997	196.8842
	171	483.7963	199.6537
	172	482.44675	201.56783
	173	481.9423	202.30365
	174	486.13986	199.32524
	175	489.44717	195.90414
	176	491.49698	192.34361
	177	496.58777	186.15811
	178	498.01413	184.02931
	179	498.4776	181.06857
	180	500.61975	178.91132
	181	505.769	172.50923
	182	508.33203	167.8942
	183	510.25018	162.67961
	184	512.1558	156.83746
	185	513.71027	150.64067
	186	515.30524	141.8742
	187	515.4144	139.4148
	188	515.835	138.63846
	189	516.01044	138.24432
	190	515.2984	134.36728
	191	513.31396	132.1053
	192	512.0348	131.12802
	193	511.91028	129.68239
	194	512.5296	128.47192
	195	513.94775	127.5747
	196	514.92194	127.03244
	197	516.33093	126.23386
	198	517.8412	125.00985
	199	517.5586	123.07657
	200	517.3478	121.46988
	201	517.1507	121.14718
	202	515.428	121.842354
	203	510.75638	123.30497
	204	508.10007	128.70383
	205	513.72845	147.99753
	206	516.17865	156.4799
	207	515.0917	166.13013
	208	514.248	175.13506
	209	513.84375	182.00334
	210	511.50583	192.30719
	211	510.2315	197.09753
	212	509.4429	201.26785
	213	508.93796	203.16882
	214	506.72867	203.996
	215	505.44537	204.73096
	216	505.0352	205.22371
	217	504.32593	205.39983
	218	501.8632	206.48564
	219	500.8765	206.86357
	220	498.48343	208.03268
	221	491.86966	209.75066
	222	489.14496	209.59695
	223	485.35294	209.30052
	224	482.80643	208.83388
	225	483.34518	208.91013
	226	487.5675	207.2102
	227	491.44455	204.68521
	228	495.50836	200.72221
	229	499.5893	196.61736
	230	507.51605	187.16817
	231	511.76068	182.11258
	232	516.0272	177.14868
	233	519.3595	172.8991
	234	521.0299	167.86392
	235	521.44055	167.32564
	236	521.88654	167.93597
	237	521.22473	169.91711
	238	515.354	177.17575
	239	510.07782	181.3753
	240	504.1429	185.58109
	241	498.8207	190.0564
	242	488.37585	198.08818
	243	485.0426	200.39198
	244	485.29425	201.22105
	245	488.7995	200.0754
	246	501.44907	193.33017
	247	508.4484	186.21681
	248	515.85504	177.97855
	249	519.0543	167.97926
	250	526.42633	151.58833
	251	529.1279	145.0759
	252	530.426	140.97314
	253	531.7893	138.40039
	254	531.2933	139.6143
	255	529.9784	143.56041
	256	526.5967	148.52827
	257	525.502	156.15181
	258	514.5648	171.64667
	259	507.18646	178.60449
	260	499.45856	183.83247
	261	491.58487	187.2544
	262	475.86465	190.09274
	263	471.00128	188.48189
	264	467.58005	185.15408
	265	465.8189	179.64821
	266	465.10092	165.766
	267	463.3301	157.36255
	268	461.87622	149.98676
	269	459.76248	143.12457
	270	456.5309	133.33736
	271	455.21585	131.53554
	272	453.9014	131.671
	273	452.6489	134.66518
	274	450.35983	146.64374
	275	448.36703	154.44237
	276	445.82806	161.7897
	277	443.61472	168.8631
	278	442.78333	180.88753
	279	445.6189	184.2491
	280	450.11914	185.7487
	281	455.1358	185.02237
	282	470.02335	178.17667
	283	478.8056	170.85886
	284	485.92477	161.25587
	285	493.26932	151.22133
	286	503.7506	134.2353
	287	508.0033	128.1834
	288	510.83868	122.379974
	289	513.02673	118.8377
	290	515.2504	118.87385
	291	515.5427	123.07401
	292	514.8103	129.47684
	293	512.3721	138.54333
	294	498.526	158.94913
	295	489.86508	168.83273
	296	481.4248	177.7334
	297	473.84903	184.52821
	298	462.2088	191.87656
	299	458.91153	192.521
	300	456.60144	191.74136
	301	455.5633	191.13808
	302	455.3593	186.63953
	303	454.64532	181.81108
	304	452.64023	177.3034
	305	450.2152	173.56808
	306	449.04993	167.41049
	307	448.63736	166.26796
	308	448.13965	166.90733
	309	448.56775	167.99442
	310	448.86887	172.16754
	311	447.5715	175.16223
	312	449.2434	178.7894
	313	445.5677	182.45642
	314	442.5081	185.18327
	315	442.02417	186.58736
	316	445.51843	191.25662
	317	450.09845	192.12218
	318	461.32254	186.7843
	319	465.01294	181.7108
	320	467.7461	175.58408
	321	469.46512	170.19044
	322	469.5377	159.63573
	323	467.80975	155.65846
	324	466.6009	152.20161
	325	465.19653	150.98436
	326	462.36536	151.60817
	327	459.6299	154.053
	328	457.2267	157.32034
	329	453.53287	160.71909
	330	447.58185	168.69647
	331	444.8609	171.97466
	332	443.24985	174.4128
	333	441.4145	177.01575
	334	438.53363	180.85825
	335	436.5499	181.88904
	336	435.75085	182.57051
	337	436.9993	182.03453
	338	443.21036	178.48344
	339	447.41385	175.87444
	340	451.13083	173.12306
	341	455.24622	170.12192
	342	460.18347	166.51077
	343	462.26645	163.91904
	344	463.25394	162.43994
	345	463.88733	160.40952
	346	464.44016	156.08858
	347	464.0431	153.64362
	348	464.55664	150.82228
	349	465.42557	147.7738
	350	466.1984	142.33278
	351	465.21753	140.4556
	352	464.69193	139.5941
	353	463.424	139.86967
	354	460.11612	144.514
	355	459.63995	148.52367
	356	458.94897	153.2953
	357	458.08612	158.24301
	358	457.40607	162.30595
	359	457.3192	165.82964
	360	457.67737	165.90701
	361	459.13284	163.58908
	362	461.35776	159.7902
	363	466.0669	151.4229
	364	467.86084	149.89304
	365	467.74326	150.5496
	366	467.23163	155.33472
	367	467.99487	156.9122
	368	468.50305	155.84068
	369	469.49817	152.63025
	370	470.8937	148.76407
	371	471.29126	138.54118
	372	471.84177	133.8891
	373	469.52133	132.54784
	374	468.23706	132.71849
	375	468.08237	125.81665
	376	466.65897	120.18403
	377	466.96777	119.79586
	378	468.91827	109.499504
	379	467.24896	101.463135
	380	465.16367	94.92063
	381	460.41458	88.54145
	382	451.53784	84.45066
	383	441.38214	82.63973
	384	441.0906	82.805084
	385	440.7771	82.22025
	386	442.25372	80.564735
	387	461.11148	78.17718
	388	467.8625	78.733955
	389	466.12515	81.28343
	390	466.7187	85.09791
	391	476.44632	97.021614
	392	483.49554	100.926445
	393	499.18927	107.14272
	394	515.2429	112.2675
	395	516.66064	115.01237
	396	516.6067	118.9276
	397	517.0344	122.25264
	398	517.18384	126.20021
	399	527.6649	130.458

Effects	Puppet #2	arap #3	Mesh	Mesh #1	Deform	Pin #6	Position
	Frame	X pixels	Y pixels
	0	439.17297	125.87677
	1	441.936	127.3606
	2	443.70715	128.71796
	3	446.5148	130.14192
	4	448.80136	130.58061
	5	451.0534	131.35432
	6	452.1584	131.68523
	7	453.01172	130.77632
	8	453.68686	130.56912
	9	454.45703	131.43199
	10	454.3896	132.00969
	11	454.08636	132.50954
	12	453.5678	131.53784
	13	450.8507	130.30565
	14	449.13336	130.0406
	15	447.75613	129.78618
	16	445.90308	129.52992
	17	443.31116	130.23328
	18	442.64035	130.38135
	19	442.8007	129.76697
	20	442.64972	128.15662
	21	442.74292	124.3133
	22	442.62393	123.512634
	23	442.46875	121.84885
	24	442.43695	121.19699
	25	442.45557	121.41233
	26	441.94006	121.7987
	27	441.55533	121.38755
	28	441.33762	121.19206
	29	441.6772	120.36956
	30	441.79004	120.44508
	31	442.17508	120.67667
	32	442.54257	121.34614
	33	442.95956	123.930954
	34	443.1199	124.536804
	35	442.88065	124.51352
	36	443.03464	123.63145
	37	442.82593	121.29035
	38	442.98978	120.46215
	39	442.77847	120.35184
	40	442.5651	120.57609
	41	442.48062	121.84058
	42	442.3835	122.82374
	43	441.92126	123.56091
	44	441.76404	123.97254
	45	441.36002	122.05657
	46	441.221	121.97859
	47	440.99893	121.8596
	48	440.7695	121.24791
	49	440.51993	120.98247
	50	440.1541	121.54941
	51	439.7541	122.41722
	52	439.8553	123.32314
	53	439.06702	125.0657
	54	438.3478	124.79592
	55	437.9338	124.861084
	56	437.4706	124.00062
	57	436.77634	124.01103
	58	436.7078	124.322296
	59	436.77774	124.52208
	60	436.8123	125.67727
	61	437.80716	128.70045
	62	438.26874	129.8542
	63	438.1914	131.2709
	64	438.5241	132.24876
	65	438.86935	131.71605
	66	439.23477	131.1848
	67	439.83987	130.8432
	68	440.1145	130.88875
	69	441.17007	130.13481
	70	441.73553	129.8516
	71	442.02164	130.70488
	72	441.9071	130.84923
	73	441.4823	129.42693
	74	441.9834	128.47424
	75	441.46402	126.75428
	76	441.60516	125.36509
	77	442.68472	124.738716
	78	441.94608	124.93746
	79	441.54822	125.984795
	80	442.04428	128.26723
	81	441.5346	130.74297
	82	441.05566	131.29709
	83	440.60825	132.30948
	84	439.71988	132.76
	85	440.01917	132.96077
	86	440.40048	133.42738
	87	440.71826	133.80133
	88	440.6616	134.17178
	89	440.9986	133.25352
	90	440.98795	132.47939
	91	440.85696	131.42992
	92	440.9596	130.86963
	93	441.4062	130.77496
	94	441.90875	131.49733
	95	442.44806	132.46616
	96	443.1278	133.59833
	97	444.39792	134.74084
	98	444.6841	133.02151
	99	444.75003	132.06923
	100	445.89407	129.95312
	101	447.3021	128.5851
	102	447.45728	128.94023
	103	447.63034	130.47371
	104	448.16022	132.25578
	105	448.89966	135.0042
	106	448.6644	135.06705
	107	448.56653	133.83287
	108	448.95142	131.69928
	109	449.88086	129.18422
	110	449.5221	128.16832
	111	448.33878	128.5097
	112	447.66223	129.15782
	113	445.9736	131.6852
	114	445.03006	132.16736
	115	444.06442	132.34932
	116	443.19992	132.79231
	117	442.48618	132.13933
	118	442.23172	132.36229
	119	441.85678	133.01785
	120	441.0682	133.58624
	121	440.08612	135.36423
	122	439.53302	135.84946
	123	439.28525	135.18158
	124	439.34113	134.32666
	125	439.46002	132.73929
	126	439.91388	132.69557
	127	440.1609	132.84723
	128	440.21576	133.92961
	129	441.0918	135.2276
	130	441.95496	136.69008
	131	442.3011	136.58011
	132	442.37265	136.15611
	133	442.8099	134.41531
	134	443.00824	131.98106
	135	443.07892	131.00778
	136	442.9606	130.34805
	137	442.6814	130.64545
	138	442.95853	131.64204
	139	443.27997	132.65967
	140	443.21414	133.07466
	141	443.8844	133.4437
	142	443.69113	131.91545
	143	443.56104	130.27815
	144	443.32074	129.62466
	145	442.61102	129.91106
	146	442.33304	130.18582
	147	442.00287	130.56029
	148	441.4041	130.20203
	149	441.33072	130.66513
	150	441.1461	130.8197
	151	440.554	130.56676
	152	440.41315	130.81516
	153	440.34503	132.10292
	154	440.6326	132.75082
	155	441.28027	133.39412
	156	442.3062	133.69977
	157	443.63535	133.77847
	158	443.91452	132.87837
	159	444.10013	131.51712
	160	444.23273	130.26996
	161	444.00558	129.51062
	162	443.48312	129.72499
	163	443.7637	131.19353
	164	443.02756	132.22107
	165	441.30478	132.74828
	166	440.67444	131.95554
	167	439.70178	131.50542
	168	439.0027	131.4807
	169	437.2262	133.38423
	170	436.43866	134.94737
	171	435.97244	136.68578
	172	435.91257	138.04106
	173	435.62933	139.0296
	174	435.63773	139.27159
	175	435.91803	137.68561
	176	436.1117	136.07008
	177	435.20023	134.90761
	178	435.2101	134.84381
	179	435.35294	134.42058
	180	435.4278	134.17221
	181	435.60254	133.71524
	182	435.9224	132.27788
	183	436.04333	131.01323
	184	436.97412	129.51312
	185	438.11667	128.71576
	186	439.48923	127.34541
	187	440.07437	127.284996
	188	440.55396	127.0388
	189	441.21048	128.15001
	190	442.3871	126.6834
	191	442.734	125.37397
	192	443.09042	124.17148
	193	444.60025	123.865265
	194	445.74905	123.800354
	195	447.0083	123.86514
	196	448.12143	124.0397
	197	449.20023	124.9084
	198	451.26578	125.643036
	199	452.39584	126.04182
	200	453.24338	125.679924
	201	453.9776	126.031555
	202	455.5033	124.938065
	203	456.79956	125.788795
	204	457.64636	125.70067
	205	459.6087	129.31038
	206	460.63623	130.98886
	207	461.76498	131.94757
	208	463.4418	132.26077
	209	464.4763	132.09535
	210	465.7972	132.01976
	211	466.6032	132.07693
	212	466.28903	132.52092
	213	466.06656	133.56108
	214	465.81747	134.68063
	215	465.34592	135.18022
	216	464.23737	135.73701
	217	463.1852	136.38812
	218	460.83572	137.35791
	219	460.20367	137.84976
	220	459.2156	138.10625
	221	456.11465	138.61714
	222	454.69885	138.74911
	223	453.47452	139.01317
	224	451.65353	139.30066
	225	451.0379	139.07751
	226	450.0655	138.62822
	227	449.84506	137.92445
	228	450.27603	137.05016
	229	450.48532	136.29642
	230	451.46454	134.18666
	231	451.05237	133.3233
	232	450.80045	133.0952
	233	450.6814	132.94606
	234	449.72375	131.89192
	235	449.66776	131.29291
	236	449.60947	130.81212
	237	449.41553	130.41158
	238	449.40692	129.86034
	239	448.72147	129.65047
	240	448.488	129.47934
	241	448.04742	129.01558
	242	448.50372	128.97592
	243	448.6942	130.01373
	244	449.16736	130.73524
	245	449.4377	132.66452
	246	449.3461	131.94252
	247	449.3146	130.6336
	248	449.5862	128.69044
	249	449.57852	127.08676
	250	449.74637	123.63846
	251	449.7806	123.15279
	252	450.04984	122.89769
	253	449.67688	122.44595
	254	449.00256	121.83352
	255	448.76837	121.558556
	256	448.6039	121.87949
	257	447.9016	122.45895
	258	446.62698	123.075165
	259	445.43213	124.05831
	260	443.57578	125.13183
	261	440.9937	127.61918
	262	434.3149	129.853
	263	430.93893	130.53584
	264	427.42386	130.89085
	265	423.15598	130.78006
	266	414.07388	131.50464
	267	410.39883	130.9294
	268	407.07272	129.22812
	269	404.76672	128.16408
	270	398.97958	123.92743
	271	396.60477	122.67056
	272	394.88843	122.10088
	273	393.58963	122.407036
	274	390.35745	124.96108
	275	389.265	127.71005
	276	388.83014	130.42352
	277	388.20508	133.76091
	278	390.42093	138.9326
	279	393.516	140.58083
	280	396.81107	141.62096
	281	400.28696	141.2698
	282	408.7088	137.70897
	283	413.4811	133.87364
	284	417.7551	129.95409
	285	421.93668	125.60465
	286	429.33505	119.72504
	287	432.5495	119.57991
	288	435.38245	118.723206
	289	437.92728	118.64387
	290	441.3908	117.695175
	291	442.19293	117.93819
	292	442.39584	118.3108
	293	441.9801	118.7382
	294	438.5825	122.71667
	295	437.2321	125.84848
	296	435.25095	129.55269
	297	433.8476	132.63815
	298	431.64206	137.1159
	299	429.25668	137.86264
	300	427.6407	138.13194
	301	425.9105	137.25616
	302	421.48975	133.15416
	303	419.99213	130.7371
	304	418.79996	127.8309
	305	417.12057	125.227615
	306	414.08603	121.05461
	307	412.96542	120.685936
	308	411.93967	120.81951
	309	411.2849	121.23702
	310	409.75742	123.48197
	311	409.5491	124.71744
	312	409.07275	126.726494
	313	408.2961	128.60606
	314	407.36172	132.97644
	315	407.16196	136.32893
	316	406.6588	137.34242
	317	405.94183	137.49335
	318	404.84494	135.23419
	319	404.6283	132.91135
	320	404.51068	129.61403
	321	403.96863	126.74648
	322	401.19058	121.75479
	323	399.64575	120.2205
	324	398.99164	119.12263
	325	398.7547	118.76435
	326	396.9305	118.81182
	327	395.86444	119.45458
	328	394.7993	119.99731
	329	394.1581	120.96575
	330	394.03815	123.37233
	331	394.20892	124.32348
	332	393.9378	124.7273
	333	393.63763	124.82041
	334	394.43307	124.26384
	335	394.99286	123.9503
	336	395.49088	123.75183
	337	395.94485	124.41435
	338	396.5945	125.16917
	339	395.88297	123.77253
	340	395.5007	122.86681
	341	395.0689	122.08622
	342	394.2035	121.17595
	343	393.18124	122.11556
	344	393.0602	122.78977
	345	392.85007	122.57639
	346	392.6724	122.825455
	347	392.24222	122.12131
	348	391.56595	121.547714
	349	390.88458	121.38753
	350	390.22342	120.96712
	351	390.06473	121.06189
	352	389.21674	119.81445
	353	388.4285	119.59357
	354	387.14734	121.16725
	355	386.76132	121.53379
	356	386.12167	122.111694
	357	385.71033	122.27653
	358	385.70297	122.42454
	359	386.30838	121.27804
	360	386.27954	120.621
	361	386.14188	120.19243
	362	386.215	120.30408
	363	386.841	119.675766
	364	386.91705	119.50284
	365	387.31665	119.90273
	366	388.29224	120.35975
	367	388.4339	120.07772
	368	388.76135	119.75256
	369	389.3713	119.95656
	370	389.80615	119.5788
	371	390.5347	118.80632
	372	391.31165	118.73447
	373	392.00177	118.396996
	374	392.8202	118.65193
	375	394.73114	119.89452
	376	395.23474	119.69725
	377	396.3979	120.13351
	378	399.0852	119.48167
	379	400.93475	119.57589
	380	402.92044	119.59365
	381	405.33823	119.48096
	382	407.64108	119.588715
	383	411.55682	119.948906
	384	413.2018	120.50649
	385	414.4897	120.989655
	386	416.0218	121.50049
	387	417.3022	121.5935
	388	417.6826	121.52073
	389	418.05798	121.52886
	390	418.56396	121.51843
	391	421.4564	121.65577
	392	423.32935	121.9229
	393	428.23907	122.11577
	394	435.8033	120.364105
	395	437.58145	119.62718
	396	438.8031	118.67599
	397	439.7056	117.58262
	398	440.05634	118.86542
	399	440.28125	119.87672

Effects	Puppet #2	arap #3	Mesh	Mesh #1	Deform	Pin #7	Position
	Frame	X pixels	Y pixels
	0	382.86392	91.27137
	1	387.51093	89.755875
	2	390.66803	89.78673
	3	395.14655	89.48796
	4	398.5819	89.066765
	5	402.6963	88.62504
	6	404.94415	87.50961
	7	407.05728	85.502686
	8	408.77267	84.686424
	9	411.9765	84.41871
	10	412.8007	84.53861
	11	413.0398	84.97303
	12	412.68835	83.822914
	13	409.09207	83.01036
	14	407.10962	83.20103
	15	405.56897	83.073814
	16	403.11343	83.15548
	17	398.9419	85.18369
	18	397.91583	85.46075
	19	397.15228	85.49487
	20	395.84427	84.39982
	21	394.72324	81.54628
	22	394.37863	81.3896
	23	393.3848	80.368965
	24	392.89886	80.41646
	25	392.83954	81.29453
	26	391.37634	82.48211
	27	390.54602	82.64402
	28	390.61328	82.70004
	29	391.71555	81.91309
	30	391.9375	82.126854
	31	392.5024	82.29167
	32	392.9084	83.28976
	33	392.4512	85.9517
	34	392.4493	86.476425
	35	391.8984	86.32611
	36	392.23624	84.770096
	37	391.4113	82.855034
	38	391.8555	82.12457
	39	391.42343	82.47982
	40	391.24146	82.8057
	41	391.57446	83.46528
	42	391.49982	84.27812
	43	390.651	85.092
	44	390.2978	85.46664
	45	389.83673	83.412224
	46	389.7304	83.45055
	47	389.29987	83.32827
	48	388.64832	82.83274
	49	388.7645	82.161736
	50	388.1402	82.83975
	51	388.03403	83.62464
	52	389.00372	83.95602
	53	388.93842	84.85624
	54	388.1009	84.71654
	55	387.75034	84.862114
	56	386.88162	83.803406
	57	386.20972	84.12508
	58	385.83206	84.60193
	59	385.69055	84.92485
	60	386.26462	86.21383
	61	387.32138	88.378624
	62	388.09796	89.35248
	63	387.79593	90.80155
	64	388.76382	91.49551
	65	389.12857	90.55384
	66	389.7612	89.80737
	67	390.2814	89.57399
	68	390.379	89.73004
	69	391.88727	88.59138
	70	392.80725	88.26215
	71	393.14352	89.86595
	72	392.44562	89.70882
	73	391.71066	87.83918
	74	392.37766	86.778366
	75	391.36984	85.157005
	76	391.14127	83.89914
	77	391.7062	83.85462
	78	390.85196	83.93748
	79	390.63583	85.19431
	80	391.72928	87.06683
	81	391.71518	89.17949
	82	391.301	89.59544
	83	391.14856	90.45305
	84	390.40527	90.60913
	85	391.3361	90.23268
	86	391.86438	90.75482
	87	392.28577	91.11869
	88	392.50397	91.30039
	89	392.79535	90.15423
	90	392.5973	89.37346
	91	392.43384	88.233116
	92	392.7549	87.760155
	93	392.67325	88.31146
	94	393.25616	89.09465
	95	393.76175	89.94194
	96	394.72897	91.070915
	97	396.35904	92.19685
	98	395.8863	90.36945
	99	395.6349	89.86586
	100	396.41818	87.8824
	101	397.0913	86.93261
	102	397.2673	87.9898
	103	397.68805	89.95138
	104	399.43436	91.44985
	105	400.64243	93.04834
	106	400.00986	92.82343
	107	399.45834	91.5296
	108	399.1522	89.91026
	109	399.5243	88.14928
	110	398.86664	86.96487
	111	397.21024	87.865395
	112	396.6685	88.31893
	113	394.90738	90.94742
	114	393.92438	91.35022
	115	392.76462	91.39955
	116	391.97623	91.828094
	117	391.60312	90.73936
	118	391.46942	90.9788
	119	391.50507	91.622215
	120	390.90045	91.86252
	121	391.16913	93.23705
	122	390.7561	93.28439
	123	390.53262	92.47224
	124	390.69696	91.63096
	125	390.11926	90.31213
	126	390.84665	90.43335
	127	390.54297	91.08084
	128	390.25266	92.46853
	129	390.97964	94.0097
	130	392.54755	95.638214
	131	392.5786	95.160126
	132	392.167	94.92772
	133	392.76575	92.94713
	134	391.11237	91.63605
	135	390.70602	91.326
	136	390.05286	91.02481
	137	389.27087	92.34283
	138	389.05188	93.84435
	139	389.08185	95.43065
	140	388.02637	96.31138
	141	387.37335	98.429214
	142	385.9868	96.66612
	143	385.56732	96.198166
	144	384.78888	97.157585
	145	382.90573	99.61551
	146	382.06268	101.20878
	147	381.66205	102.126274
	148	380.81677	101.85178
	149	380.9303	102.72164
	150	380.71222	102.941444
	151	379.81448	102.741776
	152	379.82028	103.023895
	153	381.06345	103.00029
	154	382.03763	101.73263
	155	382.94473	101.25133
	156	384.57346	100.15492
	157	388.0562	96.129616
	158	389.517	93.34939
	159	391.04587	90.25052
	160	392.5912	88.34566
	161	394.05994	86.64805
	162	396.64972	85.8989
	163	398.2186	86.87157
	164	398.16153	87.13408
	165	399.0477	85.757614
	166	399.0169	84.07797
	167	399.04495	83.36651
	168	399.05365	83.57966
	169	398.99933	84.5682
	170	399.44907	85.688736
	171	400.2763	87.04983
	172	401.42593	87.8623
	173	401.7541	88.682304
	174	402.19	88.18681
	175	401.38733	86.33772
	176	401.19507	85.016685
	177	400.09714	84.86287
	178	400.05585	85.29942
	179	398.8315	85.24364
	180	397.6625	85.521225
	181	395.09723	86.28876
	182	394.62286	84.862564
	183	394.2346	83.81812
	184	394.00436	83.13891
	185	393.73807	83.485596
	186	392.395	83.79564
	187	392.0882	84.2229
	188	391.57193	84.572205
	189	391.9734	86.29809
	190	391.2255	86.10935
	191	390.756	85.73868
	192	390.49625	85.06137
	193	391.5593	86.09651
	194	392.64728	86.3483
	195	393.936	86.69207
	196	394.83447	86.97347
	197	396.09085	87.91504
	198	398.1553	89.10671
	199	399.36487	89.53349
	200	399.87393	89.40486
	201	399.9542	90.39535
	202	401.80212	88.1407
	203	403.16943	88.90682
	204	404.4101	88.21781
	205	408.72153	90.61241
	206	410.93835	91.33971
	207	412.66205	91.23755
	208	414.83542	90.40765
	209	415.869	89.23854
	210	418.8038	87.73469
	211	421.14304	86.930916
	212	422.19656	86.41274
	213	423.13968	87.09798
	214	425.4466	87.48354
	215	426.1379	88.05346
	216	426.43668	88.54038
	217	426.85507	89.22618
	218	427.6774	90.20915
	219	428.5582	90.83043
	220	428.82437	90.78511
	221	426.66397	91.82462
	222	425.54126	91.91868
	223	424.08887	92.25781
	224	422.33783	92.013596
	225	420.52213	91.02889
	226	416.70636	89.95269
	227	415.21292	88.56573
	228	413.76193	88.62311
	229	412.60504	87.592026
	230	410.78555	86.56739
	231	409.47598	85.96992
	232	408.7602	86.26804
	233	408.32138	86.36114
	234	406.1033	85.6927
	235	406.1053	85.46916
	236	405.84802	85.200455
	237	405.6241	85.00895
	238	405.70987	84.14989
	239	404.82123	84.331314
	240	404.5742	84.50123
	241	403.4217	84.01241
	242	404.5259	84.01017
	243	404.29807	85.534904
	244	405.05606	86.49918
	245	405.3116	88.23288
	246	405.18954	86.17703
	247	405.0334	84.98927
	248	404.81842	83.45033
	249	404.65372	82.41905
	250	404.10114	79.676994
	251	404.27945	79.92617
	252	404.811	79.645836
	253	403.54462	79.41274
	254	402.42194	79.3732
	255	401.93182	79.16649
	256	401.94168	79.53898
	257	400.68387	80.319176
	258	399.0082	80.73054
	259	397.4825	81.53101
	260	395.32843	82.63544
	261	393.14447	84.68414
	262	386.3597	86.41834
	263	382.5212	87.7667
	264	377.9677	89.22289
	265	372.54047	90.056946
	266	362.30283	91.50605
	267	357.9826	91.212906
	268	354.42404	89.45486
	269	351.49048	88.8422
	270	344.73056	85.786575
	271	341.75464	85.22692
	272	339.97983	85.05484
	273	338.58737	85.875534
	274	336.13156	88.64846
	275	335.7573	91.06593
	276	336.4115	94.027176
	277	336.90256	97.537575
	278	340.39868	101.21449
	279	343.1932	102.47516
	280	346.37344	102.89406
	281	350.2261	101.734886
	282	358.5514	96.50894
	283	362.96387	92.4735
	284	368.1024	88.526054
	285	371.6851	84.59522
	286	379.29825	79.285965
	287	382.55325	79.46857
	288	385.24878	78.27499
	289	387.83585	78.177956
	290	391.04645	76.967155
	291	391.38077	77.437965
	292	391.76697	77.86712
	293	391.3759	78.73909
	294	389.88187	82.62675
	295	389.55225	85.08171
	296	387.70834	87.827995
	297	386.4011	90.54439
	298	383.66214	94.133095
	299	382.02145	93.89326
	300	380.42538	94.08342
	301	378.64285	93.04044
	302	375.94684	87.743126
	303	374.33618	85.16048
	304	373.2065	82.345085
	305	371.30502	79.8687
	306	368.15692	76.25813
	307	366.5334	76.18947
	308	364.84814	76.663414
	309	363.99722	77.22402
	310	362.14423	80.54994
	311	361.6381	82.17637
	312	360.75058	84.0469
	313	359.9966	85.67242
	314	359.15546	90.95919
	315	358.60956	93.5743
	316	357.4753	94.4306
	317	356.19083	94.88568
	318	353.64166	92.65216
	319	352.72546	90.178345
	320	351.99738	86.87295
	321	351.37982	84.73148
	322	349.16824	81.41618
	323	348.83685	80.55955
	324	349.0587	79.84795
	325	349.36667	79.98271
	326	347.17017	80.57982
	327	346.05368	81.35082
	328	344.91342	81.79762
	329	344.61835	83.20323
	330	344.50372	85.25272
	331	344.3506	85.48544
	332	343.7981	84.35071
	333	343.40598	83.70724
	334	343.89896	82.9769
	335	344.47397	82.402275
	336	345.10046	81.81641
	337	345.77902	82.25108
	338	346.68582	82.90336
	339	345.8528	81.41864
	340	346.3579	79.613396
	341	345.8978	78.522064
	342	345.26266	77.463036
	343	345.22208	78.10167
	344	345.95935	78.511856
	345	345.71094	77.82408
	346	346.1962	78.07829
	347	345.2245	77.182205
	348	344.19034	76.70387
	349	343.44785	77.00203
	350	342.57196	76.96027
	351	342.49832	77.33461
	352	341.3994	75.94075
	353	340.44434	76.10576
	354	339.49097	77.9562
	355	338.95267	78.24631
	356	337.92075	79.09699
	357	337.24078	79.1819
	358	337.52048	79.19
	359	337.4461	77.98734
	360	336.6912	77.684875
	361	336.3718	77.45354
	362	335.87866	78.30031
	363	336.58167	77.76169
	364	336.26096	77.890976
	365	336.89102	78.41317
	366	337.2245	79.091995
	367	337.43277	78.60476
	368	337.7986	78.10242
	369	338.32718	78.60342
	370	338.60797	78.1774
	371	338.7589	78.24229
	372	339.5972	78.574615
	373	339.83765	78.54793
	374	340.8456	79.147606
	375	341.96625	81.36736
	376	342.38766	81.00519
	377	344.2324	81.639496
	378	346.01807	82.2906
	379	347.247	83.32312
	380	348.95966	83.78463
	381	350.78912	84.55566
	382	353.1996	85.048416
	383	353.1996	85.048416
	384	353.1996	85.048416
	385	353.1996	85.048416
	386	353.1996	85.048416
	387	353.1996	85.048416
	388	353.1996	85.048416
	389	353.1996	85.048416
	390	353.1996	85.048416
	391	353.1996	85.048416
	392	373.3133	86.36017
	393	379.28946	84.00146
	394	387.5363	80.61766
	395	388.96448	79.44057
	396	390.30344	78.131424
	397	391.40662	76.43996
	398	392.57782	76.82095
	399	392.61954	76.534615


End of Keyframe Data
